221	175	25
222	179	27
223	183	29
224	187	31
225	191	32
227	195	34
228	199	36
229	203	38
230	208	40
231	212	43
231	216	45
232	221	48
233	225	51
233	229	55
234	234	59
234	239	65
235	243	74
237	246	84
241	250	93
245	253	101
245	245	243
242	241	240
238	238	237
235	234	233
231	231	230
228	228	226
225	224	223
221	221	220
218	218	217
215	215	213
212	211	210
208	208	207
205	205	204
202	202	201
199	199	198
196	196	195
193	193	192
190	190	189
187	187	186
184	184	183
181	181	180
178	178	177
175	175	174
173	172	171
170	169	168
167	166	166
164	164	163
161	161	160
159	158	157
156	155	155
153	153	152
150	150	149
148	147	146
145	145	144
142	142	141
140	139	139
137	137	136
134	134	133
132	131	131
129	129	128
127	126	126
124	124	123
122	121	121
119	119	118
117	116	116
114	114	113
112	111	111
109	109	108
107	106	106
104	104	103
102	101	101
99	99	98
97	96	96
94	94	93
92	91	91
90	89	89
87	87	86
85	84	84
82	82	82
80	79	79
142	23	8
139	19	9
136	14	10
133	10	11
129	7	13
125	5	14
121	5	15
116	5	15
112	6	15
107	6	15
103	7	14
99	7	13
94	7	13
90	7	12
85	7	11
81	7	9
77	7	8
72	6	7
68	6	6
64	5	5
